 0.29651 0.248536 0.201857 0.10252 0.0950941 0.291138 0.281269 -0.18326 -0.127471 -0.272967 -0.307427 0.023566 -0.233335 0.302689 0.305324 -0.0607133 0.166328 -0.144159 -0.260026 -0.218387
 -0.16036 0.296015 -0.294177 0.205199 -0.168446 0.184754 -0.227657 -0.304233 0.217912 -0.251353 -0.0122125 0.0516213 0.297024 0.10252 -0.0780571 -0.128449 -0.26681 -0.266525 0.274404 -0.314318
 -0.190693 0.0687885 0.261882 0.283772 0.223336 -0.195889 -0.0699039 -0.285584 -0.270991 0.0714383 0.308396 0.0833655 -0.180121 -0.280171 -0.276076 -0.195752 0.293431 -0.316872 -0.0622173 -0.196585
 0.29376 -0.225004 -0.129044 0.317747 -0.262612 -0.277971 0.295332 -0.124539 0.288362 0.305796 -0.0244874 0.117759 -0.0391491 -0.152943 0.192458 -0.254625 -0.250466 -0.26902 -0.198871 0.0625819
 -0.0206363 -0.296598 -0.0507756 0.295479 0.288737 0.0691277 -0.221872 0.101073 -0.273455 0.15554 -0.304996 0.153558 0.236946 0.25568 0.192507 -0.297484 0.153071 -0.132462 0.307596 0.275483
 -0.278669 -0.0717619 0.212714 0.217395 -0.30384 0.308672 -0.0734915 0.27308 0.231195 -0.192197 0.0704637 0.189362 -0.307602 0.190842 -0.278339 -0.318092 -0.0242345 0.0493501 -0.18432 0.281442
 0.226636 0.225365 -0.301425 0.0965191 0.309753 0.065512 0.295936 0.298093 -0.167643 -0.294386 0.293815 0.223672 0.215644 -0.228905 -0.0661257 -0.312384 -0.109388 0.213911 -0.0765141 0.0737517
 0.10985 0.29419 0.288079 -0.0439018 -0.308055 -0.280467 -0.226427 0.160958 0.0896004 -0.0188057 -0.11875 0.254948 -0.010908 -0.22166 0.308739 -0.279062 0.222029 0.302482 0.280679 -0.190344
 -0.308929 0.0637419 -0.178417 -0.175246 0.300093 -0.185069 -0.0655002 -0.0644141 -0.00419424 0.280987 -0.273795 0.281684 -0.199487 0.200004 -0.0771187 -0.219887 -0.293025 0.282316 -0.278154 -0.308057
 0.122601 -0.23176 0.00969314 -0.26978 -0.287021 0.202187 0.293303 -0.254262 -0.0815428 0.218083 0.165812 0.302473 0.307059 0.247077 -0.272703 -0.139616 0.310027 0.15973 0.0717163 -0.187846
 0.216355 -0.29012 0.162214 -0.306935 0.269819 0.270056 -0.234738 -0.303213 0.161063 -0.126897 0.244856 0.316079 -0.257172 -0.169257 0.205264 -0.0455804 -0.270722 -0.0212258 0.187107 0.0779422
 -0.286433 -0.0509983 -0.281201 -0.278145 -0.249317 -0.0892551 -0.0525082 -0.183488 -0.22865 -0.307471 -0.209075 0.321496 0.0759632 -0.267775 0.175806 0.0530468 0.182831 -0.194379 -0.309661 0.283159
 0.00105745 0.240508 0.308954 -0.189098 0.226213 -0.30722 0.288695 0.0386398 0.279708 -0.0891358 -0.20754 0.318007 0.143899 0.136993 -0.288571 0.146235 -0.0624572 -0.295733 0.207247 0.267813
 0.285629 0.284606 -0.236939 -0.0587965 -0.201092 -0.0382001 -0.244593 0.239145 -0.31097 0.244978 0.246433 0.305226 -0.290758 0.284073 -0.0386245 0.224206 -0.0689187 -0.2874 0.0454172 0.0434526
 -0.218664 0.0355621 0.0887181 0.0844085 0.174439 0.291422 -0.0366623 0.305511 0.320628 0.26057 0.162862 0.283128 0.290486 -0.103566 0.306983 0.278556 0.188244 -0.172098 -0.265214 -0.214877
 -0.118793 -0.25015 0.0879368 0.208994 -0.146654 0.158395 0.282412 0.200169 -0.308372 -0.0629256 -0.276143 0.252071 -0.143547 -0.296143 -0.108053 0.303246 -0.274866 0.00745233 0.293378 -0.304985
 0.309417 -0.277683 -0.236494 0.287273 0.11806 -0.226249 -0.254934 -0.0178707 0.275342 -0.304472 -0.112215 0.212789 -0.0757272 0.0693416 -0.255249 0.295348 0.314007 0.184213 -0.109849 -0.156028
 -0.117856 -0.0183798 0.309692 0.301654 -0.0889179 -0.251291 -0.0189655 -0.225834 -0.224002 -0.149238 0.296821 0.16638 0.256907 0.304097 0.230483 0.255456 -0.299176 0.291863 -0.15285 0.115368
 -0.219188 0.259923 -0.284443 0.248706 0.0594308 0.123263 0.274548 -0.30628 0.157936 0.200594 0.0572915 0.114272 -0.309046 -0.0346947 0.144521 0.187696 0.233153 0.289791 0.305505 0.296143
 0.285814 0.269358 0.168968 0.140076 -0.0297538 0.301724 -0.265147 -0.213577 -0.081597 0.288726 -0.307461 0.0581701 0.206166 -0.308026 -0.300012 0.0993304 -0.127393 0.178579 -0.238424 0.244098
