 0.139344 -0.0986347 -0.460228 -0.193785 -0.00717588 -0.108025 0.636924 0.289523 0.164484 -0.439569
 -0.12548 0.602639 -0.00445093 0.511223 -0.00250105 0.0790727 0.0183764 0.461386 0.37056 0.054073
 -0.343294 -0.144661 0.201276 0.148919 -0.294268 0.49628 0.472642 0.160527 -0.438086 0.156739
 -0.131346 0.413933 0.139364 -0.172887 0.0759559 0.425876 -0.0877366 -0.33001 -0.0541034 -0.674851
 -0.432165 0.0870516 -0.102518 -0.389157 -0.669978 -0.0930123 -0.0768463 -0.114174 0.392058 0.116319
 -0.592466 -0.275233 0.251342 -0.19707 0.57999 -0.00636738 0.0564355 0.159679 0.325743 -0.00139365
 -0.424037 0.399502 -0.385371 0.00327849 0.22491 -0.395988 0.144655 -0.2377 -0.450423 0.156111
 0.252506 0.31073 -0.169067 -0.562614 0.239293 0.433777 0.0385069 0.135078 0.0234639 0.4784
 0.211082 0.301603 0.677993 -0.197945 -0.0396008 -0.394522 0.442018 -0.0896948 0.0263321 0.0654926
 0.0618896 -0.0661797 -0.133357 0.320974 0.113613 0.212379 0.368815 -0.668803 0.420525 0.229795
