Analytical Result       0.192766
------------------------------------
N:        10000000  ,  10000000  ,  10000000  ,  10000000  ,  10000000  ,  10000000  ,  10000000  ,  10000000  ,  10000000  ,  10000000  ,  

MC:        0.193254  ,  0.192833  ,  0.192716  ,  0.192566  ,  0.192544  ,  0.193285  ,  0.192793  ,  0.192528  ,  0.191735  ,  0.192633  ,  

MC_var:     0.000139619  ,  0.00012798  ,  0.000134653  ,  0.000125876  ,  0.000129058  ,  0.000126005  ,  0.000123103  ,  0.000130884  ,  0.000130898  ,  0.000138798  ,  

time:         47.8602  ,  50.0827  ,  51.2602  ,  50.1199  ,  50.2786  ,  50.117  ,  50.7678  ,  50.524  ,  49.669  ,  49.7703  ,  ,  