Analytical Result       0.192766
------------------------------------
N:        10000000  ,  10000000  ,  10000000  ,  10000000  ,  10000000  ,  10000000  ,  10000000  ,  10000000  ,  10000000  ,  10000000  ,  

MC:        0.193831  ,  0.192594  ,  0.193612  ,  0.193551  ,  0.192483  ,  0.193169  ,  0.192171  ,  0.19286  ,  0.192232  ,  0.192368  ,  

MC_var:     0.000137288  ,  0.000127335  ,  0.000130089  ,  0.000136686  ,  0.000138851  ,  0.000134538  ,  0.000144617  ,  0.000131128  ,  0.000125988  ,  0.000153634  ,  

time:           44.97  ,  49.6639  ,  49.8073  ,  50.7148  ,  50.7686  ,  50.1838  ,  50.2098  ,  50.2937  ,  50.5319  ,  51.5738  ,  