Analytical Result       0.192766
------------------------------------
N:        10000000  ,  10000000  ,  10000000  ,  10000000  ,  10000000  ,  10000000  ,  10000000  ,  10000000  ,  10000000  ,  10000000  ,  

MC:        0.193415  ,  0.192806  ,  0.1919  ,  0.193164  ,  0.1919  ,  0.193519  ,  0.193278  ,  0.191722  ,  0.19243  ,  0.1931  ,  

MC_var:     0.000132594  ,  0.000128787  ,  0.000129373  ,  0.000132744  ,  0.000126837  ,  0.000136017  ,  0.000129942  ,  0.000126205  ,  0.000145954  ,  0.000134902  ,  

time:         49.0076  ,  54.2279  ,  50.8992  ,  51.5009  ,  50.8399  ,  51.3598  ,  51.1966  ,  50.738  ,  50.0287  ,  49.6981  ,   ,   