Analytical Result       0.192766
------------------------------------
N:               5  ,  7  ,  9  ,  11  ,  13  ,  15  ,  17  ,  19  ,  21  ,  23  ,  25  ,  27  ,  29  ,  31  ,  33  ,  35  ,  37  ,  39  ,  
G_legendre:        0.264249  ,  0.329525  ,  0.321518  ,  0.291261  ,  0.261821  ,  0.239088  ,  0.222933  ,  0.211832  ,  0.204307  ,  0.199232  ,  0.195817  ,  0.193524  ,  0.191995  ,  0.190985  ,  0.190331  ,  0.189923  ,  0.189684  ,  0.189562  ,  
time:        0.000861  ,  0.006289  ,  0.021792  ,  0.057241  ,  0.163345  ,  0.310419  ,  0.659348  ,  1.34053  ,  2.44675  ,  4.14601  ,  6.55895  ,  10.4028  ,  16.5082  ,  28.141  ,  37.0551  ,  53.63  ,  74.8152  ,  95.8025  ,  