Analytical Result       0.192766
------------------------------------
N:               5  ,  7  ,  9  ,  11  ,  13  ,  15  ,  17  ,  19  ,  21  ,  23  ,  25  ,  27  ,  29  ,  31  ,  33  ,  35  ,  37  ,  39  ,  
G_laguerre:        0.170492  ,  0.154422  ,  0.169505  ,  0.183022  ,  0.190218  ,  0.193285  ,  0.194396  ,  0.194732  ,  0.194807  ,  0.194812  ,  0.194804  ,  0.194795  ,  0.194785  ,  0.194772  ,  0.194755  ,  0.194734  ,  0.19471  ,  0.194683  ,  
time:        0.005747  ,  0.029285  ,  0.111208  ,  0.272498  ,  0.630737  ,  1.56145  ,  3.20895  ,  6.22354  ,  9.68382  ,  16.1813  ,  25.9065  ,  40.4221  ,  62.5119  ,  93.3598  ,  133.377  ,  190.594  ,  265.41  ,  358.721  ,  