Analytical Result       0.192766
------------------------------------
N:        10000000  ,  10000000  ,  10000000  ,  10000000  ,  10000000  ,  10000000  ,  10000000  ,  10000000  ,  10000000  ,  10000000  ,  

MC:        0.190348  ,  0.1791  ,  0.181245  ,  0.184922  ,  0.198017  ,  0.197104  ,  0.179664  ,  0.189547  ,  0.197363  ,  0.20095  ,  

MC_var:        0.190348  ,  0.1791  ,  0.181245  ,  0.184922  ,  0.198017  ,  0.197104  ,  0.179664  ,  0.189547  ,  0.197363  ,  0.20095  ,  

time:         144.262  ,  144.934  ,  146.196  ,  145.626  ,  146.513  ,  144.95  ,  144.704  ,  144.577  ,  144.722  ,  144.444  ,  