Analytical Result       0.192766
------------------------------------
N:            1000  ,  1000  ,  1000  ,  1000  ,  1000  ,  1000  ,  1000  ,  1000  ,  1000  ,  1000  ,  10000  ,  10000  ,  10000  ,  10000  ,  10000  ,  10000  ,  10000  ,  10000  ,  10000  ,  10000  ,  100000  ,  100000  ,  100000  ,  100000  ,  100000  ,  100000  ,  100000  ,  100000  ,  100000  ,  100000  ,  1000000  ,  1000000  ,  1000000  ,  1000000  ,  1000000  ,  1000000  ,  1000000  ,  1000000  ,  1000000  ,  1000000  ,  

MC:       0.0156769  ,  0.0281925  ,  0.243501  ,  0.0329598  ,  0.0516839  ,  0.128908  ,  0.0119878  ,  0.20929  ,  0.0660304  ,  0.0774205  ,  0.0866114  ,  0.0732658  ,  0.0726502  ,  0.15728  ,  0.39252  ,  0.200118  ,  0.111199  ,  0.101214  ,  0.04789  ,  0.170664  ,  0.199611  ,  0.113218  ,  0.182138  ,  0.223035  ,  0.247441  ,  0.205121  ,  0.137389  ,  0.204331  ,  0.163517  ,  0.133888  ,  0.190005  ,  0.171393  ,  0.200655  ,  0.203659  ,  0.292125  ,  0.195025  ,  0.309925  ,  0.211267  ,  0.193661  ,  0.21126  ,  

MC_var:       0.0156769  ,  0.0281925  ,  0.243501  ,  0.0329598  ,  0.0516839  ,  0.128908  ,  0.0119878  ,  0.20929  ,  0.0660304  ,  0.0774205  ,  0.0866114  ,  0.0732658  ,  0.0726502  ,  0.15728  ,  0.39252  ,  0.200118  ,  0.111199  ,  0.101214  ,  0.04789  ,  0.170664  ,  0.199611  ,  0.113218  ,  0.182138  ,  0.223035  ,  0.247441  ,  0.205121  ,  0.137389  ,  0.204331  ,  0.163517  ,  0.133888  ,  0.190005  ,  0.171393  ,  0.200655  ,  0.203659  ,  0.292125  ,  0.195025  ,  0.309925  ,  0.211267  ,  0.193661  ,  0.21126  ,  

time:         0.01841  ,  0.018252  ,  0.018216  ,  0.018156  ,  0.017664  ,  0.017738  ,  0.018018  ,  0.017772  ,  0.018563  ,  0.018436  ,  0.17316  ,  0.146158  ,  0.144583  ,  0.144583  ,  0.144778  ,  0.144578  ,  0.144523  ,  0.144477  ,  0.144741  ,  0.144633  ,  1.44924  ,  1.44876  ,  1.44815  ,  1.43442  ,  1.43307  ,  1.43174  ,  1.4302  ,  1.43143  ,  1.42923  ,  1.43534  ,  14.3329  ,  14.333  ,  14.336  ,  14.3184  ,  14.3249  ,  14.3299  ,  14.3345  ,  14.2736  ,  14.3821  ,  14.5819  ,  