Analytical Result       0.192766
------------------------------------
N:            1000  ,  1000  ,  1000  ,  1000  ,  1000  ,  1000  ,  1000  ,  1000  ,  1000  ,  1000  ,  10000  ,  10000  ,  10000  ,  10000  ,  10000  ,  10000  ,  10000  ,  10000  ,  10000  ,  10000  ,  100000  ,  100000  ,  100000  ,  100000  ,  100000  ,  100000  ,  100000  ,  100000  ,  100000  ,  100000  ,  1000000  ,  1000000  ,  1000000  ,  1000000  ,  1000000  ,  1000000  ,  1000000  ,  1000000  ,  1000000  ,  1000000  ,  10000000  ,  10000000  ,  10000000  ,  10000000  ,  10000000  ,  10000000  ,  10000000  ,  10000000  ,  10000000  ,  10000000  ,  

MC:        0.128617  ,  0.00737338  ,  0.00811222  ,  0.0121207  ,  0.0877968  ,  0.064752  ,  0.00108927  ,  0.0392265  ,  0.00521348  ,  0.27891  ,  0.423181  ,  0.0226681  ,  0.0631853  ,  0.0572086  ,  0.05657  ,  0.0602253  ,  1.18092  ,  0.0785165  ,  0.291639  ,  0.0381181  ,  0.296228  ,  0.0748341  ,  0.155506  ,  0.142689  ,  0.144779  ,  0.519968  ,  0.0939308  ,  0.102781  ,  0.11054  ,  0.0992417  ,  0.176088  ,  0.147177  ,  0.143969  ,  0.297125  ,  0.149437  ,  0.162351  ,  0.357868  ,  0.148729  ,  0.159872  ,  0.263316  ,  0.176477  ,  0.199075  ,  0.166375  ,  0.204709  ,  0.209568  ,  0.182492  ,  0.223799  ,  0.241176  ,  0.1926  ,  0.18557  ,  

MC_var:     0.000583354  ,  1.43634e-05  ,  2.16677e-05  ,  2.66056e-05  ,  0.000355969  ,  0.000236449  ,  2.2119e-06  ,  0.000116395  ,  1.74524e-05  ,  0.00105984  ,  0.00162242  ,  3.41235e-05  ,  0.000122333  ,  8.9321e-05  ,  0.000106213  ,  0.000142109  ,  0.0047838  ,  0.000266104  ,  0.00104508  ,  5.49357e-05  ,  0.000782833  ,  8.72212e-05  ,  0.000349658  ,  0.000247526  ,  0.000372526  ,  0.00180785  ,  0.000145567  ,  0.000175225  ,  0.00016745  ,  0.000108365  ,  0.000125094  ,  0.000133127  ,  0.000128766  ,  0.000449155  ,  9.25291e-05  ,  9.57163e-05  ,  0.00061317  ,  0.000104158  ,  0.000125886  ,  0.000306008  ,  5.72301e-05  ,  0.000131375  ,  5.7605e-05  ,  8.12928e-05  ,  7.68357e-05  ,  7.00002e-05  ,  0.000110702  ,  0.00017398  ,  7.61101e-05  ,  8.22077e-05  ,  

time:        0.004749  ,  0.004684  ,  0.004602  ,  0.004486  ,  0.004498  ,  0.004573  ,  0.004636  ,  0.004504  ,  0.004504  ,  0.004444  ,  0.043854  ,  0.045913  ,  0.045817  ,  0.045522  ,  0.044702  ,  0.044574  ,  0.042119  ,  0.040598  ,  0.039109  ,  0.038409  ,  0.367301  ,  0.364544  ,  0.364711  ,  0.374912  ,  0.367706  ,  0.375718  ,  0.38969  ,  0.382587  ,  0.375664  ,  0.461177  ,  4.1644  ,  4.17836  ,  3.83127  ,  3.81228  ,  3.79045  ,  3.78671  ,  3.78614  ,  3.79329  ,  3.97926  ,  5.07739  ,  40.3518  ,  39.6219  ,  40.1411  ,  40.3771  ,  40.1281  ,  40.9896  ,  40.3079  ,  40.656  ,  40.5206  ,  40.7025  ,  