Analytical Result       0.192766
------------------------------------
N:            1000  ,  1000  ,  1000  ,  1000  ,  1000  ,  1000  ,  1000  ,  1000  ,  1000  ,  1000  ,  10000  ,  10000  ,  10000  ,  10000  ,  10000  ,  10000  ,  10000  ,  10000  ,  10000  ,  10000  ,  100000  ,  100000  ,  100000  ,  100000  ,  100000  ,  100000  ,  100000  ,  100000  ,  100000  ,  100000  ,  1000000  ,  1000000  ,  1000000  ,  1000000  ,  1000000  ,  1000000  ,  1000000  ,  1000000  ,  1000000  ,  1000000  ,  10000000  ,  10000000  ,  10000000  ,  10000000  ,  10000000  ,  10000000  ,  10000000  ,  10000000  ,  10000000  ,  10000000  ,  

MC:         0.21712  ,  0.10417  ,  0.170441  ,  0.253574  ,  0.19774  ,  0.117947  ,  0.273857  ,  0.179979  ,  0.18156  ,  0.160153  ,  0.21117  ,  0.228519  ,  0.207874  ,  0.18025  ,  0.183225  ,  0.182648  ,  0.193281  ,  0.162546  ,  0.17957  ,  0.19906  ,  0.192833  ,  0.208534  ,  0.19516  ,  0.18914  ,  0.195958  ,  0.19139  ,  0.193167  ,  0.185385  ,  0.193613  ,  0.197511  ,  0.191397  ,  0.190495  ,  0.196185  ,  0.189032  ,  0.193757  ,  0.193469  ,  0.192733  ,  0.192469  ,  0.191463  ,  0.192188  ,  0.192616  ,  0.193669  ,  0.192824  ,  0.193125  ,  0.193167  ,  0.193217  ,  0.192079  ,  0.192446  ,  0.191826  ,  0.192296  ,  

MC_var:      0.00785404  ,  0.00462686  ,  0.00570569  ,  0.0241801  ,  0.0104243  ,  0.00390447  ,  0.017241  ,  0.0104946  ,  0.013137  ,  0.00675871  ,  0.00430087  ,  0.00490831  ,  0.00456542  ,  0.00240829  ,  0.00400158  ,  0.00347656  ,  0.00338306  ,  0.00287357  ,  0.00303069  ,  0.00374694  ,  0.00116551  ,  0.0031405  ,  0.00160249  ,  0.00133558  ,  0.00119723  ,  0.00143478  ,  0.00114115  ,  0.00106641  ,  0.00112696  ,  0.00188889  ,  0.000380623  ,  0.000381267  ,  0.000452362  ,  0.000364981  ,  0.000411732  ,  0.000400026  ,  0.000406711  ,  0.000426677  ,  0.000380135  ,  0.000390691  ,  0.000131269  ,  0.000135776  ,  0.000131801  ,  0.000133096  ,  0.000137044  ,  0.000129971  ,  0.000130425  ,  0.000127091  ,  0.000128102  ,  0.000126451  ,  

time:        0.005137  ,  0.005105  ,  0.005237  ,  0.005083  ,  0.005212  ,  0.005257  ,  0.005235  ,  0.005267  ,  0.004707  ,  0.004417  ,  0.044101  ,  0.042814  ,  0.045005  ,  0.045468  ,  0.044497  ,  0.043265  ,  0.043326  ,  0.041166  ,  0.038649  ,  0.038329  ,  0.373403  ,  0.376102  ,  0.372514  ,  0.371725  ,  0.370979  ,  0.371881  ,  0.372281  ,  0.377309  ,  0.379084  ,  0.373958  ,  3.79247  ,  3.75848  ,  3.71877  ,  3.69494  ,  3.69068  ,  4.088  ,  4.56963  ,  4.4998  ,  4.43596  ,  4.3494  ,  45.142  ,  44.2305  ,  44.3745  ,  41.446  ,  40.6524  ,  40.372  ,  40.5211  ,  40.8874  ,  40.5641  ,  40.5721  ,  