Analytical Result       0.192766
------------------------------------
N:            1000  ,  1000  ,  1000  ,  1000  ,  1000  ,  1000  ,  1000  ,  1000  ,  1000  ,  1000  ,  10000  ,  10000  ,  10000  ,  10000  ,  10000  ,  10000  ,  10000  ,  10000  ,  10000  ,  10000  ,  100000  ,  100000  ,  100000  ,  100000  ,  100000  ,  100000  ,  100000  ,  100000  ,  100000  ,  100000  ,  1000000  ,  1000000  ,  1000000  ,  1000000  ,  1000000  ,  1000000  ,  1000000  ,  1000000  ,  1000000  ,  1000000  ,  10000000  ,  10000000  ,  10000000  ,  10000000  ,  10000000  ,  10000000  ,  10000000  ,  10000000  ,  10000000  ,  10000000  ,  

MC:        0.174489  ,  0.144637  ,  0.180612  ,  0.160171  ,  0.208694  ,  0.222823  ,  0.203493  ,  0.176174  ,  0.234538  ,  0.184488  ,  0.192195  ,  0.198063  ,  0.189824  ,  0.179594  ,  0.194938  ,  0.194149  ,  0.209133  ,  0.204769  ,  0.18408  ,  0.197249  ,  0.194396  ,  0.190223  ,  0.188717  ,  0.190631  ,  0.186226  ,  0.194197  ,  0.193036  ,  0.196661  ,  0.191246  ,  0.197803  ,  0.193354  ,  0.191245  ,  0.191545  ,  0.191794  ,  0.191765  ,  0.193413  ,  0.194654  ,  0.191073  ,  0.192649  ,  0.193915  ,  0.192518  ,  0.19283  ,  0.193316  ,  0.192421  ,  0.193651  ,  0.193309  ,  0.192359  ,  0.192971  ,  0.192795  ,  0.193037  ,  

MC_var:        0.174489  ,  0.144637  ,  0.180612  ,  0.160171  ,  0.208694  ,  0.222823  ,  0.203493  ,  0.176174  ,  0.234538  ,  0.184488  ,  0.192195  ,  0.198063  ,  0.189824  ,  0.179594  ,  0.194938  ,  0.194149  ,  0.209133  ,  0.204769  ,  0.18408  ,  0.197249  ,  0.194396  ,  0.190223  ,  0.188717  ,  0.190631  ,  0.186226  ,  0.194197  ,  0.193036  ,  0.196661  ,  0.191246  ,  0.197803  ,  0.193354  ,  0.191245  ,  0.191545  ,  0.191794  ,  0.191765  ,  0.193413  ,  0.194654  ,  0.191073  ,  0.192649  ,  0.193915  ,  0.192518  ,  0.19283  ,  0.193316  ,  0.192421  ,  0.193651  ,  0.193309  ,  0.192359  ,  0.192971  ,  0.192795  ,  0.193037  ,  

time:    6.92382e-310  ,  6.92382e-310  ,  0  ,  0  ,  0  ,  0  ,  0  ,  0  ,  0  ,  0  ,  0  ,  0  ,  0  ,  0  ,  0  ,  0  ,  0  ,  0  ,  0  ,  0  ,  0  ,  0  ,  0  ,  0  ,  0  ,  0  ,  0  ,  0  ,  0  ,  0  ,  0  ,  0  ,  0  ,  0  ,  0  ,  0  ,  0  ,  0  ,  0  ,  0  ,  0  ,  0  ,  0  ,  0  ,  0  ,  0  ,  0  ,  0  ,  0  ,  0  ,  