 0.162798 -0.18026 -0.287966 0.620911 -0.0490897 -0.10894 0.596763 0.248713 -0.117648 -0.162619
 0.157001 0.0540773 -0.425378 0.452797 -0.0774123 -0.0797615 -0.498827 -0.461966 -0.202909 0.265872
 0.123488 0.32659 -0.318769 -0.0766738 -0.515195 -0.0479787 -0.228279 0.609135 0.247515 0.135828
 0.229826 0.239814 -0.0563547 -0.304879 0.28221 -0.413441 0.208956 0.148673 -0.516033 0.45925
 0.575556 0.0242426 0.102086 -0.130163 -0.0605774 -0.259348 -0.237506 -0.0172316 -0.204193 -0.686623
 0.0484617 -0.20232 -0.33321 -0.0961784 0.469732 -0.479091 -0.067142 -0.000203567 0.617579 -0.0187415
 0.229786 0.644695 -0.210982 0.0322924 0.418809 0.488033 0.14776 -0.0830649 0.156237 -0.138889
 -0.656287 0.418535 -0.00115005 0.21523 0.150079 -0.353426 -0.158659 0.131116 -0.194537 -0.346624
 -0.134352 -0.408631 -0.42363 -0.179721 0.314781 0.382145 -0.271394 0.372135 -0.356409 -0.137548
 0.213543 -0.0332546 0.534707 0.452499 0.353835 0.05123 -0.343066 0.410741 0.0710861 0.208198
